50.97633312063031 11.333363056182861
50.975752159578406 11.333277225494385
50.97514416929901 11.333727836608887
50.97426594706454 11.333620548248291
50.97372549435751 11.333727836608887
50.97338770822171 11.334221363067627
50.97325259307947 11.334586143493652
50.97323908154361 11.335036754608154
50.97302289643547 11.336109638214111
50.97325259307947 11.336174011230469
50.97338770822171 11.335744857788086
50.973509311513645 11.334822177886963
50.97356335731893 11.334478855133057
50.97460372681251 11.334371566772461
50.97484692670978 11.334693431854248
50.97515768028059 11.335422992706299
50.97550896442187 11.335787773132324
50.97587375667907 11.335616111755371
50.976035885651335 11.335015296936035
50.97604939637348 11.334543228149414
50.97637365252549 11.333835124969482
50.97634663126597 11.333470344543457